time (s)	theta (A)	maj axis/z0	min axis/z0	crossing#mod 255
7823.335216	301.349579	0.966256	0.080102	105
7825.418200	113.602211	-0.855231	-0.100000	107
7827.504044	300.814606	0.980044	0.078244	109
7829.589399	302.841461	0.973610	0.100000	111
7831.677536	300.522339	0.987940	0.077971	113
7833.767594	300.499207	0.992596	0.077092	115
7835.856366	300.455597	0.997878	0.076706	117
7837.944794	302.510468	0.989867	0.100000	119
7840.027976	302.464783	0.996510	0.100000	121
7842.110849	302.525909	1.004032	0.100000	123
7844.193767	302.644897	1.008784	0.100000	125
7846.278774	302.618286	1.011669	0.100000	127
7848.366924	302.738770	1.016220	0.100000	129
7850.455263	302.684784	1.019248	0.100000	131
7852.540350	302.950287	1.024668	0.100000	133
7854.622989	303.177002	1.031693	0.100000	135
7856.704987	301.662598	1.049518	0.070135	137
7858.787168	301.852417	1.054136	0.069380	139
7860.870333	301.993805	1.057402	0.068850	141
7862.955647	302.205597	1.063793	0.068800	143
7865.041645	302.426758	1.069159	0.067632	145
7867.127433	302.600830	1.073372	0.067647	147
7869.211699	302.701447	1.077711	0.067067	149
7871.296006	302.793488	1.080811	0.066397	151
7873.380061	302.851837	1.083306	0.065917	153
7875.464296	302.923187	1.087090	0.065493	155
7877.549415	303.020020	1.089622	0.064665	157
7879.634890	303.049072	1.092954	0.064514	159
7881.719983	303.057434	1.095740	0.064008	161
7883.805061	303.054138	1.097792	0.063608	163
7885.889677	303.028198	1.100403	0.063390	165
7887.973962	303.069916	1.103196	0.063152	167
7890.058293	303.067230	1.105817	0.062828	169
7892.143748	303.051178	1.109688	0.062710	171
7894.229188	303.052917	1.113133	0.061922	173
7896.313961	303.039948	1.114266	0.061986	175
7898.398561	303.000824	1.116823	0.061807	177
7900.482939	302.993195	1.116802	0.061329	179
7902.568171	302.937775	1.117971	0.061148	181
7904.653758	302.933380	1.118500	0.060889	183
7906.739356	302.887726	1.119472	0.060421	185
7908.824438	302.854370	1.120889	0.059744	187
7910.909042	302.817535	1.121502	0.059478	189
7912.993671	302.793243	1.122430	0.059209	191
7915.079139	304.139343	1.108613	0.100000	193
7917.164747	302.709259	1.124113	0.058452	195
7919.249957	303.996521	1.111275	0.100000	197
7921.334499	302.767120	1.127167	0.057387	199
7923.418503	304.978546	1.119390	0.100000	201
7925.502526	305.048401	1.121441	0.100000	203
7927.586954	302.921295	1.132872	0.056446	205
7929.671535	305.190918	1.125640	0.100000	207
7931.755933	303.177551	1.137675	0.055663	209
7933.839521	303.311798	1.140644	0.055312	211
7935.922998	303.407623	1.142457	0.054976	213
7938.006573	303.551544	1.144942	0.054299	215
7940.090489	303.657837	1.147140	0.054405	217
7942.174679	303.768311	1.149447	0.053836	219
7944.258884	303.865204	1.153084	0.053097	221
7946.342752	304.020782	1.155563	0.052910	223
7948.427012	304.081726	1.158278	0.052657	225
7950.511068	304.122742	1.158849	0.052409	227
7952.594919	304.192200	1.159943	0.051639	229
7954.679372	304.227356	1.160665	0.051130	231
7956.763667	304.241669	1.161775	0.051037	233
7958.848095	304.303680	1.163453	0.050719	235
7960.932825	304.299377	1.164679	0.050490	237
7963.017060	304.316895	1.166505	0.050087	239
7965.101373	304.363983	1.167446	0.049844	241
7967.185712	304.380676	1.168368	0.049389	243
7969.270075	304.332275	1.168860	0.049590	245
7971.354772	304.353760	1.169666	0.048884	247
7973.439186	304.354187	1.171357	0.048612	249
7975.523339	304.294312	1.172087	0.048268	251
7977.607753	304.304871	1.172581	0.048378	253
7979.692094	304.315033	1.173405	0.048285	255
7981.776806	304.283844	1.173879	0.047939	1
7983.861803	304.313965	1.175031	0.047828	3
7985.946268	304.285522	1.174547	0.047448	5
7988.031185	304.270874	1.174027	0.047433	7
7990.115845	304.164398	1.172788	0.047315	9
7992.200469	304.196808	1.172578	0.046958	11
7994.285397	304.147247	1.172606	0.046410	13
7996.370209	304.134064	1.172185	0.046266	15
7998.455073	304.150635	1.171896	0.045759	17
8000.539529	304.084625	1.172975	0.045233	19
8002.624015	304.105164	1.172894	0.044970	21
8004.708442	304.119446	1.171961	0.044723	23
8006.793138	304.150909	1.172894	0.044319	25
8008.877315	304.166656	1.173435	0.044137	27
8010.961618	304.203247	1.175076	0.043901	29
8013.045320	304.286621	1.175927	0.043513	31
8015.129433	304.376007	1.178531	0.043266	33
8017.213117	304.499817	1.179995	0.042674	35
8019.297073	304.568268	1.182594	0.042780	37
8021.380831	304.728790	1.183478	0.041967	39
8023.464656	304.818848	1.185693	0.041763	41
8025.548559	304.906372	1.187622	0.041302	43
8027.632381	305.004211	1.188856	0.041161	45
8029.716307	305.082062	1.190886	0.040540	47
8031.800315	305.114746	1.191236	0.040451	49
8033.884216	305.110504	1.194321	0.040298	51
8035.968348	305.213867	1.192114	0.039921	53
8038.052379	305.419342	1.184255	0.038823	55
8040.135939	305.422821	1.183171	0.038866	57
8042.219522	305.434967	1.181982	0.038604	59
8044.303503	305.402954	1.180945	0.038076	61
8046.386870	305.492157	1.179037	0.037695	63
8048.470980	305.471466	1.178741	0.037584	65
8050.554225	305.486481	1.177965	0.037290	67
8052.637821	305.515686	1.177055	0.036625	69
8054.721831	305.510040	1.175386	0.036340	71
8056.805123	305.527893	1.174685	0.036584	73
8058.889017	305.521210	1.173729	0.035789	75
8060.972896	305.554443	1.172127	0.035490	77
8063.056442	305.561127	1.170369	0.034782	79
8065.140276	305.562408	1.168792	0.034470	81
8067.224113	305.542572	1.167167	0.034298	83
8069.308070	305.519196	1.165003	0.033742	85
8071.392136	305.504852	1.163902	0.033697	87
8073.475548	305.519226	1.163569	0.033473	89
8075.559587	305.508331	1.161992	0.032305	91
8077.643329	305.528564	1.161109	0.032562	93
8079.727592	305.530304	1.158726	0.032235	95
8081.811716	305.496338	1.157126	0.032086	97
8083.895564	305.477905	1.154775	0.031566	99
8085.979331	305.502045	1.152525	0.031104	101
8088.063320	305.521942	1.151409	0.031062	103
8090.147411	305.528503	1.150561	0.030965	105
8092.231755	305.575287	1.148633	0.030543	107
8094.315732	305.514099	1.145802	0.030493	109
8096.399414	305.516724	1.143775	0.029996	111
8098.483181	305.540588	1.142153	0.029785	113
8100.567060	305.464417	1.141580	0.029497	115
8102.650927	305.547028	1.141625	0.029355	117
8104.734564	305.588074	1.141379	0.028870	119
8106.818381	305.634216	1.140273	0.028414	121
8108.901657	305.671387	1.139380	0.027872	123
8110.985445	305.720428	1.138248	0.027376	125
8113.068752	305.720215	1.137540	0.027172	127
8115.152320	305.782410	1.136711	0.026770	129
8117.235883	305.846893	1.136669	0.026385	131
8119.319588	305.837280	1.134966	0.026011	133
8121.402722	305.850250	1.135087	0.025678	135
8123.486186	305.865753	1.133308	0.025260	137
8125.569800	305.872833	1.131835	0.024848	139
8127.653303	305.897430	1.131091	0.024517	141
8129.736834	305.909027	1.129752	0.024298	143
8131.820497	305.928192	1.127838	0.023799	145
8133.904249	305.909760	1.126241	0.023573	147
8135.987865	305.885254	1.125568	0.023322	149
8138.071618	305.913666	1.124993	0.022883	151
8140.155054	305.945618	1.124312	0.022661	153
8142.238514	305.954102	1.123482	0.021905	155
8144.322533	305.953125	1.122266	0.021818	157
8146.406238	305.903900	1.119944	0.021632	159
8148.489961	305.919708	1.118676	0.021219	161
8150.573726	305.918701	1.117051	0.020889	163
8152.657344	305.889709	1.115608	0.020663	165
8154.740907	305.866241	1.114607	0.021062	167
8156.825315	305.885071	1.113484	0.020277	169
8158.908972	305.858429	1.111568	0.019996	171
8160.992847	305.852692	1.110101	0.019998	173
8163.076468	305.868774	1.108413	0.019734	175
8165.160610	305.862305	1.105609	0.019539	177
