time (s)	theta (A)	maj axis/z0	min axis/z0	crossing#mod 255
6190.838004	288.429687	0.912666	0.047371	95
6192.925250	287.742889	0.905669	0.045141	97
6195.018873	286.197296	0.913078	0.046331	99
6197.115822	284.778290	0.917785	0.049112	101
6199.205060	283.936523	0.924239	0.051255	103
6201.291688	283.795349	0.934775	0.050205	105
6203.374208	284.258148	0.945293	0.048895	107
6205.455065	284.769287	0.950333	0.047154	109
6207.540695	285.073120	0.953432	0.046521	111
6209.631916	285.078613	0.954620	0.046293	113
6211.721442	285.012695	0.956485	0.046412	115
6213.807702	284.981110	0.958830	0.047147	117
6215.895150	285.197815	0.962934	0.047536	119
6217.982916	285.948456	0.971044	0.047297	121
6220.066243	286.945068	0.987232	0.045158	123
6222.141847	286.894958	1.003171	0.043640	125
6224.214700	286.642212	1.012335	0.043587	127
6226.295471	286.379303	1.012216	0.045226	129
6228.380472	286.378510	1.009208	0.046786	131
6230.469317	286.211884	1.000764	0.046150	133
6232.575763	285.624817	0.995662	0.046321	135
6234.666884	285.865692	0.997007	0.046535	137
6236.748043	286.856964	1.011656	0.044788	139
6238.828474	287.029846	1.027720	0.044104	141
6240.907219	287.010773	1.038069	0.043575	143
6242.987651	287.152893	1.041822	0.043357	145
6245.068851	287.427368	1.045407	0.043729	147
6247.150161	287.595490	1.047634	0.043804	149
6249.232662	287.712494	1.049064	0.043491	151
6251.318177	287.767609	1.050226	0.043355	153
6253.406826	287.706726	1.051955	0.043026	155
6255.496549	287.514160	1.053670	0.042787	157
6257.585564	286.984528	1.054590	0.042787	159
6259.675942	286.203522	1.052883	0.044166	161
6261.765451	285.214294	1.050618	0.046131	163
6263.850497	284.466003	1.052649	0.047116	165
6265.928272	285.313293	1.067441	0.045116	167
6268.003074	287.322174	1.076609	0.043425	169
6270.080999	288.863098	1.076184	0.042364	171
6272.163568	289.203217	1.074263	0.041801	173
6274.249662	288.829132	1.074463	0.040906	175
6276.338298	288.069977	1.076719	0.040932	177
6278.429774	287.311920	1.076776	0.041955	179
6280.522322	286.729584	1.075921	0.043254	181
6282.610807	286.482819	1.076539	0.044296	183
6284.697272	286.309662	1.076294	0.045067	185
6286.782903	286.108093	1.075991	0.045400	187
6288.867347	286.160797	1.076784	0.045418	189
6290.951799	286.420624	1.080234	0.044840	191
6293.036177	286.840485	1.084158	0.044139	193
6295.120080	287.393005	1.091134	0.043445	195
6297.201604	287.550903	1.098368	0.042689	197
6299.280811	287.664795	1.107103	0.041769	199
6301.358841	287.710785	1.114067	0.041244	201
6303.438342	287.625977	1.117521	0.041406	203
6305.520587	287.525665	1.115989	0.042235	205
6307.602702	287.467224	1.112847	0.042939	207
6309.688219	287.458252	1.109171	0.042835	209
6311.780943	287.116547	1.101692	0.042974	211
6313.875036	286.612244	1.095018	0.042521	213
6315.963965	286.466461	1.093262	0.043297	215
6318.050422	286.849213	1.096903	0.043122	217
6320.135108	287.385101	1.103959	0.042858	219
6322.217436	287.653534	1.110161	0.042079	221
6324.297886	287.613098	1.116472	0.041926	223
6326.378709	287.633270	1.121060	0.041858	225
6328.461940	287.633850	1.123329	0.041812	227
6330.547377	287.581238	1.123167	0.041847	229
6332.633562	287.425873	1.122879	0.042107	231
6334.720272	287.179596	1.120298	0.042606	233
6336.807060	286.804535	1.117032	0.043355	235
6338.892908	286.136414	1.114146	0.044267	237
6340.977252	285.522095	1.115084	0.044749	239
6343.058879	285.483276	1.122240	0.044038	241
6345.137069	286.384369	1.131418	0.043320	243
6347.214282	287.872650	1.138135	0.040635	245
6349.293678	289.061096	1.140147	0.040649	247
6351.375792	289.575592	1.139931	0.040812	249
6353.459558	289.530731	1.139826	0.040585	251
6355.545426	289.253876	1.139463	0.040510	253
6357.633150	288.836182	1.139806	0.040137	255
6359.720819	288.464325	1.140676	0.040871	1
6361.807804	288.191742	1.140986	0.040515	3
6363.893521	288.062012	1.140731	0.041371	5
6365.979222	287.918701	1.141946	0.041616	7
6368.064362	287.866791	1.144063	0.042486	9
6370.149410	288.027924	1.145625	0.041769	11
6372.233375	288.084503	1.149520	0.041395	13
6374.315184	288.217010	1.152297	0.041450	15
6376.396278	288.308502	1.155639	0.041051	17
6378.476772	288.366486	1.159291	0.040575	19
6380.558326	288.360199	1.160793	0.041131	21
6382.640358	288.317322	1.159884	0.041507	23
6384.723610	288.294586	1.157691	0.042276	25
6386.808769	288.289764	1.154707	0.042368	27
6388.896737	288.169739	1.150337	0.041925	29
6390.986876	287.756317	1.143493	0.041981	31
6393.077146	287.173004	1.137292	0.042388	33
6395.166154	286.874878	1.134141	0.042840	35
6397.254035	286.838196	1.132289	0.043234	37
6399.339691	287.086548	1.133302	0.043391	39
6401.423005	287.438385	1.135606	0.043335	41
6403.505568	287.787170	1.141767	0.042846	43
6405.588930	287.851898	1.145409	0.043010	45
6407.672884	287.807068	1.146280	0.042476	47
6409.757119	288.635132	1.120083	0.100000	49
6411.841689	287.689514	1.132325	0.042853	51
6413.926446	287.314453	1.128107	0.043229	53
6416.010428	286.833954	1.124268	0.043749	55
6418.093586	286.401917	1.123520	0.044301	57
6420.175254	286.351593	1.126030	0.043625	59
6422.255471	286.738556	1.132052	0.042172	61
6424.334610	287.577454	1.139263	0.041930	63
6426.413128	288.553162	1.145746	0.040751	65
6428.492483	289.397980	1.147936	0.040266	67
6430.573416	289.785187	1.148868	0.040880	69
6432.654866	289.864868	1.145866	0.040764	71
6434.738031	289.767548	1.145051	0.040432	73
6436.823167	289.614594	1.143072	0.040175	75
6438.908629	289.405121	1.140849	0.039991	77
6440.994024	289.241638	1.140065	0.040165	79
6443.079076	289.070282	1.138141	0.040168	81
6445.163452	288.981750	1.137942	0.040702	83
6447.247966	288.926178	1.138007	0.040691	85
6449.331655	288.936523	1.136749	0.040584	87
6451.414455	288.953735	1.136542	0.040502	89
6453.496608	288.950195	1.136831	0.040808	91
6455.578590	288.918854	1.137025	0.040891	93
6457.660233	288.943512	1.135940	0.041203	95
6459.742455	288.907776	1.134010	0.041586	97
6461.826064	288.981232	1.124819	0.039919	99
6463.910526	288.842957	1.128836	0.042103	101
6465.996759	288.791534	1.123324	0.041265	103
6468.084218	288.565430	1.117338	0.041081	105
6470.172477	288.171631	1.110448	0.040929	107
6472.260743	287.734467	1.103130	0.041883	109
6474.348468	287.438507	1.096756	0.041414	111
6476.434926	289.608551	1.078913	0.100000	113
6478.520532	287.365387	1.089678	0.042576	115
6480.604999	287.528656	1.088917	0.043023	117
6482.688978	287.629730	1.089015	0.042763	119
6484.772336	287.731232	1.088196	0.042798	121
6486.855872	287.647278	1.086767	0.042877	123
6488.939921	287.534302	1.085530	0.043376	125
6491.023556	287.319763	1.082365	0.043438	127
6493.107465	287.024567	1.080891	0.042867	129
6495.190080	286.793274	1.079776	0.043757	131
6497.272638	286.678650	1.081705	0.043467	133
6499.353652	286.854797	1.086143	0.042927	135
6501.433735	287.322815	1.091238	0.042141	137
6503.513437	288.087769	1.096233	0.040980	139
6505.592871	288.918030	1.100980	0.040984	141
6507.672683	289.507538	1.102921	0.040747	143
6509.753197	289.867920	1.103081	0.040526	145
6511.834727	290.046478	1.103618	0.040751	147
6513.917658	289.979248	1.100665	0.040417	149
6516.001575	289.908691	1.099079	0.040465	151
6518.085822	289.767578	1.096888	0.039947	153
6520.170452	289.641418	1.095965	0.039809	155
6522.254976	289.542694	1.095500	0.039975	157
6524.338471	289.488007	1.095379	0.039843	159
6526.422453	289.435760	1.094012	0.040038	161
6528.505814	289.377045	1.092963	0.040178	163
6530.588843	289.347443	1.092115	0.040309	165
6532.671445	289.325378	1.092973	0.040354	167
6534.754235	289.316650	1.091703	0.040366	169
6536.837557	289.290375	1.090058	0.040683	171
6538.921695	289.253448	1.085634	0.040477	173
6541.006428	289.224243	1.084420	0.040676	175
6543.092232	289.114899	1.080086	0.040385	177
6545.178943	288.943420	1.075961	0.039619	179
6547.266217	288.602722	1.070561	0.040415	181
6549.353900	288.202881	1.064335	0.039596	183
6551.441364	287.839355	1.058370	0.040591	185
6553.528697	287.577789	1.053442	0.041121	187
