crossing time (s)	slope (V/s)	crossing number
6724.233059	6.028400	5212
6725.228610	4.923179	5213
6726.304832	5.963184	5214
6727.320599	5.144040	5215
6728.384994	5.800991	5216
6729.412610	5.282787	5217
6730.474154	7.043970	5218
6731.498555	5.372398	5219
6732.559490	7.856128	5220
6733.582860	5.508850	5221
6734.644652	7.562981	5222
6735.666143	5.326134	5223
6736.729160	7.213806	5224
6737.746515	5.579751	5225
6738.822835	6.838890	5226
6739.816388	5.586062	5227
6740.917871	6.325107	5228
6741.895756	5.688666	5229
6743.004459	8.226901	5230
6743.986524	6.094132	5231
6745.080887	8.610420	5232
6746.088718	6.714284	5233
6747.151271	8.641679	5234
6748.180184	5.892887	5235
6749.247173	8.335159	5236
6750.247476	7.263911	5237
6751.343911	7.826660	5238
6752.321951	7.502558	5239
6753.435697	10.460387	5240
6754.425989	7.641584	5241
6755.495589	7.993068	5242
6756.518488	7.032250	5243
6757.586908	8.219837	5244
6758.598374	7.002991	5245
6759.679698	6.813514	5246
6760.667334	6.776547	5247
6761.779952	10.485593	5248
6762.747019	6.154499	5249
6763.857039	10.275825	5250
6764.849929	5.945073	5251
6765.928454	9.199711	5252
6766.942334	8.013585	5253
6768.012175	8.638926	5254
6769.031798	5.633392	5255
6770.096987	9.836465	5256
6771.114286	5.615846	5257
6772.179132	10.117814	5258
6773.198456	6.475031	5259
6774.260851	9.311995	5260
6775.282230	6.556978	5261
6776.342852	8.713911	5262
6777.368675	6.075780	5263
6778.424793	7.941054	5264
6779.456247	6.901602	5265
6780.508673	7.189882	5266
6781.537774	7.480007	5267
6782.611270	8.082723	5268
6783.612463	7.981932	5269
6784.687702	8.047714	5270
6785.688667	7.876472	5271
6786.793873	6.472242	5272
6787.765875	7.704456	5273
6788.879012	9.504906	5274
6789.849272	7.941553	5275
6790.946954	8.027258	5276
6791.955006	7.389844	5277
6793.020221	5.902803	5278
6794.042119	7.919766	5279
6795.108195	7.236944	5280
6796.117902	8.586909	5281
6797.198418	6.112356	5282
6798.193753	7.674206	5283
6799.309419	8.331727	5284
6800.274418	8.130094	5285
6801.382578	8.983868	5286
6802.363171	7.288780	5287
6803.448049	7.812847	5288
6804.463454	7.572608	5289
6805.526198	6.391722	5290
6806.547764	8.256143	5291
6807.611940	6.474667	5292
6808.632674	7.383656	5293
6809.699289	9.087900	5294
6810.714219	7.139589	5295
6811.780175	9.616093	5296
6812.796984	7.428899	5297
6813.866791	7.218089	5298
6814.878792	7.770919	5299
6815.961675	4.515683	5300
6816.960613	7.440040	5301
6818.049875	6.433316	5302
6819.048576	6.505407	5303
6820.132172	7.798235	5304
6821.139576	7.540944	5305
6822.209717	8.795177	5306
6823.225600	8.372663	5307
6824.292610	9.541065	5308
6825.313361	7.106662	5309
6826.378328	10.389885	5310
6827.399319	7.020858	5311
6828.463621	9.907083	5312
6829.476083	7.637489	5313
6830.554096	9.227793	5314
6831.547597	7.945128	5315
6832.645545	10.110569	5316
6833.622442	7.623379	5317
6834.731735	10.683392	5318
6835.712024	5.873302	5319
6836.811459	11.420426	5320
6837.807993	8.511384	5321
6838.885696	11.161684	5322
6839.900534	7.307760	5323
6840.965587	11.746676	5324
6841.992101	7.166165	5325
6843.049900	10.689238	5326
6844.067949	7.888575	5327
6845.141225	9.511755	5328
6846.141479	7.942686	5329
6847.230859	9.772393	5330
6848.215104	7.331285	5331
6849.320191	9.204965	5332
6850.299008	6.183923	5333
6851.406473	9.870062	5334
6852.386380	6.256721	5335
6853.489621	9.766661	5336
6854.472938	7.418451	5337
6855.572528	8.483203	5338
6856.558017	7.704240	5339
6857.659738	7.095213	5340
6858.641161	7.957659	5341
6859.750636	8.629573	5342
6860.723940	7.894906	5343
6861.836431	10.486160	5344
6862.805396	7.321990	5345
6863.917976	10.283148	5346
6864.889541	6.621064	5347
6866.001645	9.278282	5348
6866.974906	6.632462	5349
6868.086213	8.760794	5350
6869.062536	6.917303	5351
6870.166520	9.048656	5352
6871.152971	7.139405	5353
6872.241463	8.918828	5354
6873.251308	7.838025	5355
6874.316664	8.694207	5356
6875.338527	7.849264	5357
6876.400525	8.193725	5358
6877.420656	7.908378	5359
6878.486434	8.682237	5360
6879.498288	8.569785	5361
6880.575542	7.984354	5362
6881.574328	8.564525	5363
6882.675411	7.722100	5364
6883.650437	8.275778	5365
6884.764916	10.198473	5366
6885.731764	8.230791	5367
6886.844773	9.048248	5368
6887.818711	7.243665	5369
6888.924726	7.969156	5370
6889.910568	7.094218	5371
6891.006285	7.978664	5372
6892.001345	7.394731	5373
6893.086696	8.774781	5374
6894.089782	7.409570	5375
6895.166161	9.163037	5376
6896.176464	7.576107	5377
6897.246426	9.370131	5378
6898.262091	7.559759	5379
6899.329225	9.059892	5380
6900.345832	7.423154	5381
6901.414489	8.528364	5382
6902.428734	7.746322	5383
6903.503963	8.371924	5384
6904.508343	7.794482	5385
6905.592063	8.630719	5386
6906.589558	7.711117	5387
6907.680539	8.765416	5388
6908.669257	7.815037	5389
6909.768241	9.375423	5390
6910.746159	8.000837	5391
6911.854184	10.095667	5392
6912.829644	7.380901	5393
6913.937984	10.446035	5394
6914.917492	7.207611	5395
6916.015452	10.326356	5396
6917.010321	8.456166	5397
6918.092079	9.974472	5398
6919.098032	8.271613	5399
6920.169733	10.138051	5400
6921.189627	7.803474	5401
6922.252222	10.050893	5402
6923.277356	7.612286	5403
6924.337581	9.628371	5404
6925.359895	7.945741	5405
6926.425818	8.836521	5406
6927.439816	7.944486	5407
6928.515443	8.241508	5408
6929.518061	7.629366	5409
6930.605250	8.598645	5410
6931.596939	7.572929	5411
6932.693584	9.194266	5412
6933.677716	7.882344	5413
6934.778186	9.497978	5414
6935.758364	7.930002	5415
6936.863841	9.443134	5416
6937.842618	7.550242	5417
6938.949576	9.004840	5418
6939.926567	7.424420	5419
6941.036071	8.318274	5420
6942.012301	7.272920	5421
6943.118823	8.859909	5422
6944.097494	7.356685	5423
6945.199131	9.251226	5424
6946.184098	7.780996	5425
6947.277958	9.546846	5426
6948.270243	7.748779	5427
6949.355198	9.378690	5428
6950.359355	7.609972	5429
6951.435093	8.845853	5430
6952.448466	7.719660	5431
6953.515811	8.765165	5432
6954.534549	7.733098	5433
6955.599192	9.255269	5434
6956.618001	7.434289	5435
6957.682132	9.459937	5436
6958.698296	7.580472	5437
6959.772047	8.797191	5438
6960.776377	7.759684	5439
6961.864187	9.269293	5440
6962.854436	7.518357	5441
6963.952539	9.882850	5442
6964.932474	7.470232	5443
6966.039038	9.166232	5444
6967.013215	7.587665	5445
6968.124349	8.803310	5446
6969.096597	7.420668	5447
6970.208237	8.948266	5448
6971.181509	7.456069	5449
6972.290996	9.217318	5450
6973.267205	7.610943	5451
6974.370627	8.998984	5452
6975.352931	7.429868	5453
6976.451549	8.514713	5454
6977.439280	7.336308	5455
6978.536221	8.489904	5456
6979.523680	7.298900	5457
6980.619372	8.763189	5458
6981.606521	7.229970	5459
6982.704726	8.716445	5460
6983.688442	7.291012	5461
6984.791157	8.984491	5462
6985.769140	7.422551	5463
6986.877138	8.973654	5464
6987.848343	7.497659	5465
6988.961269	8.836901	5466
6989.930761	7.317900	5467
6991.045997	8.829613	5468
6992.015793	7.371875	5469
6993.127290	8.682753	5470
6994.103980	7.615990	5471
6995.207260	8.706918	5472
6996.192090	7.825083	5473
6997.285752	8.782914	5474
6998.281700	7.551968	5475
6999.363701	8.894245	5476
7000.371423	7.583501	5477
7001.442635	8.946721	5478
7002.459160	7.552621	5479
7003.525086	8.765938	5480
7004.541630	7.287314	5481
7005.607225	8.738370	5482
7006.625958	7.122123	5483
7007.693850	8.689331	5484
7008.706563	7.164395	5485
7009.778775	8.637388	5486
7010.787696	7.439060	5487
7011.865472	8.411302	5488
7012.870690	7.074037	5489
7013.951852	8.364428	5490
7014.951329	7.093617	5491
7016.038234	8.207474	5492
7017.033185	6.907596	5493
7018.122740	8.247929	5494
7019.117438	6.869693	5495
7020.205810	8.515895	5496
7021.200642	6.912899	5497
7022.288042	8.523788	5498
7023.285907	6.989119	5499
7024.370002	8.388013	5500
7025.371994	7.065827	5501
7026.450962	8.314537	5502
7027.457046	7.047329	5503
7028.532489	8.139721	5504
7029.544428	6.971193	5505
7030.612811	8.425634	5506
7031.630882	7.019600	5507
7032.695414	8.551829	5508
7033.715320	7.107994	5509
7034.779873	8.579102	5510
7035.797295	7.239722	5511
7036.866455	8.464815	5512
7037.877093	7.324401	5513
7038.954932	8.647366	5514
7039.955529	7.366665	5515
7041.042672	8.873583	5516
7042.033538	7.431761	5517
7043.132743	8.500416	5518
7044.111365	7.380300	5519
7045.221330	8.376438	5520
7046.190605	7.269785	5521
7047.308160	8.203449	5522
7048.272980	7.110945	5523
7049.391908	8.371121	5524
7050.355490	6.880842	5525
7051.474323	8.217980	5526
7052.439809	6.879150	5527
7053.556854	8.031036	5528
7054.526023	6.690953	5529
7055.639946	8.174024	5530
7056.609421	6.700745	5531
7057.725224	8.194241	5532
7058.693746	6.813142	5533
7059.806157	8.039571	5534
7060.777584	6.870122	5535
7061.890791	8.006887	5536
7062.859792	6.867905	5537
7063.974547	8.009231	5538
7064.941778	6.770101	5539
7066.060160	8.150346	5540
7067.024798	6.777223	5541
7068.145142	7.943097	5542
7069.107930	6.980927	5543
7070.226534	8.045236	5544
7071.193725	6.922696	5545
7072.308224	8.382676	5546
7073.282252	6.939106	5547
7074.389257	8.249254	5548
7075.371390	6.915655	5549
7076.467701	8.431857	5550
7077.458377	7.181532	5551
7078.545284	8.457041	5552
7079.548607	7.002308	5553
7080.624117	8.217498	5554
7081.635048	6.916674	5555
7082.705736	8.191531	5556
7083.721192	6.842537	5557
7084.788821	8.113681	5558
7085.806031	6.922276	5559
7086.871695	8.021373	5560
7087.889654	6.819119	5561
7088.956716	7.924512	5562
7089.970576	6.813445	5563
7091.041173	7.759798	5564
