time (s)	theta (A)	maj axis/z0	min axis/z0	crossing#mod 255
4630.188594	169.796646	-0.615911	-0.017515	95
4632.259195	169.742661	-0.615395	-0.017525	97
4634.327043	169.718506	-0.613325	-0.016794	99
4636.401650	169.801819	-0.616902	-0.017667	101
4638.468489	169.816467	-0.619416	-0.017383	103
4640.540975	169.788925	-0.623471	-0.017381	105
4642.609625	169.722519	-0.624979	-0.017107	107
4644.679825	169.737183	-0.627786	-0.016463	109
4646.749056	169.749283	-0.631247	-0.016315	111
4648.815919	169.796539	-0.632421	-0.016129	113
4650.884370	169.927155	-0.633711	-0.015959	115
4652.949040	170.107391	-0.634426	-0.016304	117
4655.018048	170.089142	-0.636382	-0.015699	119
4657.087359	169.932480	-0.636010	-0.015680	121
4659.158692	169.739960	-0.639166	-0.015420	123
4661.232054	169.477478	-0.643384	-0.015386	125
4663.302940	169.361145	-0.645708	-0.015062	127
4665.373393	169.501511	-0.648547	-0.014598	129
4667.439129	169.760773	-0.652045	-0.014828	131
4669.506610	169.945053	-0.655151	-0.014487	133
4671.571337	170.034180	-0.655207	-0.013885	135
4673.639892	170.050568	-0.655308	-0.013935	137
4675.709221	169.872528	-0.657097	-0.013484	139
4677.779965	169.819290	-0.660612	-0.013651	141
4679.848387	169.648254	-0.663321	-0.013365	143
4681.918759	169.667847	-0.665388	-0.013157	145
4683.986792	169.656387	-0.667534	-0.012911	147
4686.056283	169.648743	-0.670294	-0.012709	149
4688.124955	169.599625	-0.671863	-0.012585	151
4690.193634	169.603577	-0.674355	-0.012285	153
4692.263182	169.600250	-0.677092	-0.011961	155
4694.333027	169.564407	-0.678576	-0.011927	157
4696.405349	169.628769	-0.680746	-0.012094	159
4698.477394	169.672119	-0.683113	-0.012065	161
4700.547636	169.706360	-0.685619	-0.012145	163
4702.616568	169.852768	-0.687627	-0.011473	165
4704.684397	169.852432	-0.692001	-0.011401	167
4706.750555	169.624573	-0.694241	-0.011128	169
4708.817019	169.460876	-0.694586	-0.011340	171
4710.886224	169.507874	-0.695788	-0.010803	173
4712.954439	169.509705	-0.697801	-0.010990	175
4715.023700	169.561798	-0.700084	-0.010743	177
4717.093790	169.514755	-0.702366	-0.010687	179
4719.163553	169.591751	-0.704201	-0.010177	181
4721.233104	169.629532	-0.706532	-0.010360	183
4723.302363	169.661606	-0.709411	-0.009943	185
4725.370694	169.721634	-0.710954	-0.010080	187
4727.439100	169.707581	-0.713678	-0.009997	189
4729.508154	169.727600	-0.713681	-0.009827	191
4731.577099	169.750061	-0.714531	-0.009518	193
4733.646465	169.597885	-0.716516	-0.009089	195
4735.717328	169.547211	-0.718643	-0.009266	197
4737.788334	169.418671	-0.721925	-0.008880	199
4739.859974	169.267334	-0.724429	-0.008784	201
4741.930996	169.268646	-0.726704	-0.008767	203
4743.999953	169.258163	-0.729437	-0.008475	205
4746.067902	169.450577	-0.731697	-0.008611	207
4748.135275	169.537949	-0.733641	-0.008339	209
4750.202785	169.674118	-0.735150	-0.008426	211
4752.270321	169.654083	-0.736092	-0.008053	213
4754.338293	169.681229	-0.737917	-0.007770	215
4756.406703	169.646286	-0.740103	-0.007472	217
4758.475964	169.589569	-0.742530	-0.007283	219
4760.545013	349.539185	0.745059	0.007204	221
4762.614415	169.491119	-0.746637	-0.007234	223
4764.683644	169.488083	-0.748243	-0.006772	225
4766.753240	169.475952	-0.750872	-0.006925	227
4768.823149	169.430298	-0.753729	-0.006920	229
4770.893428	169.445099	-0.754113	-0.007118	231
4772.964044	169.451813	-0.757490	-0.006954	233
4775.034928	169.450867	-0.759259	-0.006690	235
4777.105307	169.419189	-0.760858	-0.006719	237
4779.175197	349.489990	0.762000	0.006815	239
4781.244032	170.370712	-0.760095	-0.100000	241
4783.311515	169.543640	-0.770563	-0.006376	243
4785.379055	169.378479	-0.774126	-0.006234	245
4787.447009	349.174988	0.772218	0.005954	247
4789.514817	349.165497	0.766746	0.006009	249
4791.583211	349.152618	0.769768	0.005871	251
4793.652063	349.123657	0.772892	0.005440	253
4795.721206	349.280731	0.782160	0.005504	255
4797.790459	349.237396	0.773005	0.005363	1
4799.859260	349.212067	0.778235	0.005147	3
4801.928299	349.325958	0.787128	0.005196	5
4803.996631	349.342224	0.787937	0.005330	7
4806.066641	349.178070	0.786328	0.004578	9
4808.136101	349.170319	0.786633	0.004845	11
4810.205898	349.269928	0.795477	0.004641	13
4812.276184	349.181793	0.797173	0.004848	15
4814.346608	349.142548	0.799415	0.004980	17
4816.417847	349.064453	0.802061	0.004572	19
4818.488289	349.026337	0.804151	0.004653	21
4820.558149	348.953491	0.798746	0.004424	23
4822.627244	169.041641	-0.808731	-0.004520	25
4824.695973	349.157959	0.811556	0.004410	27
4826.764069	349.250336	0.813399	0.004660	29
4828.831885	349.274750	0.815623	0.004078	31
4830.900209	349.340302	0.816438	0.004333	33
4832.968625	349.330780	0.818687	0.003772	35
4835.037096	349.357269	0.820240	0.003737	37
4837.105617	349.318909	0.820531	0.004058	39
4839.174818	349.244446	0.821151	0.003495	41
4841.243894	349.242981	0.821678	0.004069	43
4843.313744	349.266815	0.824260	0.003697	45
4845.383487	349.093658	0.818173	0.003254	47
4847.453379	349.222778	0.829382	0.003385	49
4849.523377	349.133881	0.831665	0.002690	51
4851.592881	169.307449	-0.832166	-0.002472	53
4853.662799	169.321472	-0.832510	-0.002393	55
4855.732218	169.244751	-0.831568	-0.002313	57
4857.801114	169.334030	-0.830962	-0.002336	59
4859.869008	169.278397	-0.830638	-0.002694	61
4861.936698	169.283569	-0.829814	-0.002255	63
4864.004137	169.264557	-0.829070	-0.002558	65
4866.071520	169.199783	-0.828449	-0.002710	67
4868.139307	169.145264	-0.826482	-0.002559	69
4870.207070	169.095428	-0.824819	-0.002593	71
4872.275034	169.054871	-0.823213	-0.002852	73
4874.343181	169.105087	-0.819200	-0.002517	75
4876.411347	169.114395	-0.819157	-0.002831	77
4878.479996	169.126434	-0.819456	-0.002739	79
4880.548445	169.104309	-0.818803	-0.002772	81
4882.617256	169.116394	-0.818755	-0.002737	83
4884.686560	169.098343	-0.818491	-0.002746	85
4886.755406	169.069366	-0.818402	-0.002947	87
4888.824534	169.070099	-0.816653	-0.002857	89
4890.894116	169.001785	-0.815569	-0.002683	91
4892.964237	168.995331	-0.814286	-0.002837	93
4895.033924	169.011871	-0.813982	-0.002925	95
4897.103761	168.999634	-0.816548	-0.002532	97
4899.172588	168.942703	-0.816084	-0.003176	99
4901.241366	168.921982	-0.815548	-0.003114	101
4903.309601	168.980301	-0.814269	-0.002718	103
4905.377696	169.048553	-0.813585	-0.002917	105
4907.445428	169.110870	-0.812586	-0.003168	107
4909.513137	169.149902	-0.811850	-0.002798	109
4911.581273	169.137222	-0.810859	-0.002870	111
4913.648964	169.183960	-0.809872	-0.002681	113
4915.717310	169.168915	-0.807917	-0.002755	115
4917.785912	169.159470	-0.807039	-0.002517	117
4919.854703	169.113235	-0.804644	-0.003184	119
4921.923748	169.105576	-0.804871	-0.002272	121
4923.992757	169.066284	-0.803333	-0.002661	123
4926.061893	169.063934	-0.802452	-0.002701	125
4928.131175	169.116348	-0.801078	-0.002850	127
4930.200392	169.090530	-0.799383	-0.003075	129
4932.269697	169.075302	-0.798243	-0.002755	131
4934.338489	169.085144	-0.797299	-0.002827	133
4936.407036	169.126678	-0.797650	-0.002394	135
4938.475244	169.140366	-0.797245	-0.002633	137
4940.542967	169.097916	-0.796138	-0.002965	139
4942.610845	169.090530	-0.795719	-0.002704	141
4944.678210	169.016235	-0.794698	-0.003238	143
4946.746250	169.030045	-0.796232	-0.002798	145
4948.813840	168.959503	-0.795545	-0.002872	147
4950.882000	168.950089	-0.794381	-0.003036	149
4952.949889	168.960266	-0.794655	-0.003263	151
4955.018350	168.870239	-0.793124	-0.003016	153
4957.086870	168.926315	-0.790893	-0.003197	155
4959.155370	168.890961	-0.789922	-0.003112	157
4961.223730	168.972672	-0.788329	-0.003564	159
4963.293177	168.929718	-0.787645	-0.003154	161
4965.361979	168.923553	-0.787118	-0.003088	163
4967.431612	168.915634	-0.785856	-0.003363	165
4969.500912	168.898453	-0.785443	-0.003509	167
4971.570452	168.901489	-0.784951	-0.003655	169
4973.639624	168.828293	-0.783885	-0.003250	171
4975.708732	168.785355	-0.784208	-0.003187	173
4977.778019	168.782074	-0.783411	-0.003236	175
