crossing time (s)	slope (V/s)	crossing number
4629.205842	1.395454	1630
4630.176925	1.642707	1631
4631.261938	1.867361	1632
4632.266687	1.727096	1633
NaN	NaN	1634
4634.322256	1.361455	1635
4635.404191	1.290057	1636
4636.404079	1.739877	1637
4637.459108	1.689816	1638
4638.460145	1.277824	1639
4639.531193	1.148485	1640
4640.542661	1.841141	1641
4641.597049	1.862362	1642
4642.600837	1.559436	1643
4643.663440	1.350586	1644
4644.684324	1.692395	1645
4645.741129	1.843149	1646
4646.745162	1.782169	1647
4647.802224	1.545499	1648
4648.817977	1.461438	1649
4649.883873	1.677616	1650
4650.883646	1.773648	1651
4651.947042	1.455219	1652
4652.944674	1.620989	1653
4654.022935	1.703951	1654
4655.017269	1.578816	1655
4656.087375	1.337947	1656
4657.086175	1.952072	1657
4658.155870	1.906408	1658
4659.155449	1.660913	1659
4660.222421	1.483593	1660
4661.233076	1.531545	1661
4662.286819	1.768879	1662
4663.300792	1.658291	1663
4664.361545	1.641083	1664
4665.370291	2.038873	1665
4666.427046	1.921249	1666
4667.439825	1.757072	1667
4668.502358	1.783579	1668
4669.509235	1.656470	1669
4670.569020	1.765652	1670
4671.566963	1.626559	1671
4672.646083	1.660000	1672
4673.634279	1.779882	1673
4674.709544	1.528723	1674
4675.708095	2.047220	1675
4676.783022	1.681755	1676
4677.778289	1.912100	1677
4678.846168	1.672385	1678
4679.848945	1.799206	1679
4680.916978	1.671845	1680
4681.915425	1.941215	1681
4682.982589	1.863527	1682
4683.985374	1.755986	1683
4685.056491	1.640005	1684
4686.054678	2.091058	1685
4687.126316	1.890474	1686
4688.123174	1.802676	1687
4689.192542	1.632508	1688
4690.193324	2.092732	1689
4691.262662	1.844127	1690
4692.261607	1.897659	1691
4693.328651	1.937389	1692
4694.331016	1.986852	1693
4695.397339	1.873199	1694
4696.404300	1.801917	1695
4697.464524	1.869819	1696
4698.476183	2.074822	1697
4699.529923	1.997242	1698
4700.545563	1.882608	1699
4701.599747	1.871190	1700
4702.612866	2.118948	1701
4703.670488	1.784914	1702
4704.682628	2.009027	1703
4705.739867	1.904876	1704
4706.747189	2.059758	1705
4707.811492	1.983356	1706
4708.816412	2.077288	1707
4709.885641	1.895346	1708
4710.884056	2.138602	1709
4711.953073	1.929754	1710
4712.954054	2.080406	1711
4714.020992	1.878791	1712
4715.021826	2.084541	1713
4716.090689	2.083153	1714
4717.093144	1.959865	1715
4718.158214	1.977055	1716
4719.160338	2.090844	1717
4720.228846	1.903408	1718
4721.230436	2.096193	1719
4722.295840	2.009762	1720
4723.300693	2.253656	1721
4724.364706	2.050186	1722
4725.369042	2.121965	1723
4726.434553	2.152017	1724
4727.438922	2.138161	1725
4728.503402	2.002708	1726
4729.506019	2.108852	1727
4730.574739	2.117775	1728
4731.575099	2.183621	1729
4732.643483	1.963242	1730
4733.645447	2.313582	1731
4734.711846	2.166655	1732
4735.716692	2.123893	1733
4736.778840	2.053592	1734
4737.786804	2.053899	1735
4738.845396	2.218818	1736
4739.856731	2.153032	1737
4740.913751	2.074057	1738
4741.928227	2.327845	1739
4742.981623	2.227009	1740
4743.998498	2.326288	1741
4745.051758	2.203656	1742
4746.066882	2.359823	1743
4747.120367	2.310271	1744
4748.134100	2.235692	1745
4749.191796	2.230317	1746
4750.202253	2.216128	1747
4751.260895	2.276844	1748
4752.268380	2.322280	1749
4753.333033	2.198599	1750
4754.335602	2.335155	1751
4755.403042	2.274707	1752
4756.404951	2.455159	1753
4757.472004	2.204221	1754
4758.473512	2.413262	1755
4759.540755	2.315010	1756
4760.544395	2.379072	1757
4761.610326	2.261663	1758
4762.613577	2.442274	1759
4763.678680	2.283895	1760
4764.682158	2.409074	1761
4765.749007	2.199588	1762
4766.752072	2.538573	1763
4767.816160	2.337585	1764
4768.821935	2.452171	1765
4769.883730	2.419915	1766
4770.892537	2.508814	1767
4771.952287	2.446005	1768
4772.963113	2.419528	1769
4774.020324	2.497992	1770
4775.033864	2.557029	1771
4776.086951	2.545240	1772
4777.103333	2.530314	1773
4778.155697	2.469564	1774
4779.173508	2.609892	1775
4780.224015	2.478678	1776
4781.242407	2.561239	1777
4782.294509	2.400232	1778
4783.309360	2.544578	1779
4784.363811	2.463043	1780
4785.377809	2.446553	1781
4786.435796	2.605752	1782
4787.446093	2.565319	1783
4788.505970	2.499358	1784
4789.514600	2.449667	1785
4790.576239	2.448094	1786
4791.582454	2.607115	1787
4792.645510	2.545790	1788
4793.651191	2.537296	1789
4794.714719	2.572795	1790
4795.719460	2.718071	1791
4796.784068	2.624372	1792
4797.788925	2.659963	1793
4798.854073	2.561451	1794
4799.858022	2.723628	1795
4800.922658	2.572369	1796
4801.926320	2.715087	1797
4802.991154	2.592963	1798
4803.994500	2.672590	1799
4805.060473	2.564247	1800
4806.064774	2.768472	1801
4807.128625	2.632376	1802
4808.134734	2.721823	1803
4809.198074	2.647711	1804
4810.205973	2.770541	1805
4811.266487	2.749062	1806
4812.275498	2.659634	1807
4813.334344	2.724515	1808
4814.345663	2.628305	1809
4815.402699	2.736142	1810
4816.416706	2.713057	1811
4817.469517	2.718962	1812
4818.486801	2.774271	1813
4819.538160	2.743695	1814
4820.556234	2.810023	1815
4821.607082	2.714690	1816
4822.625876	2.951408	1817
4823.675506	2.800508	1818
4824.695210	2.949396	1819
4825.746412	2.838864	1820
4826.763829	2.914807	1821
4827.815725	2.905080	1822
4828.830199	2.865075	1823
4829.885975	2.862093	1824
4830.899712	2.863720	1825
4831.955637	2.905739	1826
4832.966895	2.766885	1827
4834.025504	2.823575	1828
4835.035674	2.885779	1829
4836.096096	2.943416	1830
4837.103519	2.963549	1831
4838.164540	2.888464	1832
4839.173410	2.933863	1833
4840.234107	2.906795	1834
4841.241590	2.927630	1835
4842.302804	2.949582	1836
4843.312806	2.995117	1837
4844.371079	2.925682	1838
4845.382680	3.012271	1839
4846.439684	2.974082	1840
4847.452870	3.010928	1841
4848.508287	3.091308	1842
4849.522599	3.021985	1843
4850.574709	3.021418	1844
4851.591436	2.957632	1845
4852.641992	3.014823	1846
4853.661322	3.027596	1847
4854.709695	3.027993	1848
4855.731416	3.008823	1849
4856.778615	3.021728	1850
4857.800213	2.987939	1851
4858.847163	2.960632	1852
4859.867857	3.011357	1853
4860.917509	2.919832	1854
4861.935869	2.996089	1855
4862.987447	2.926928	1856
4864.003401	2.964708	1857
4865.056190	2.938379	1858
4866.070644	2.877872	1859
4867.125517	2.909008	1860
4868.138916	2.910185	1861
4869.194824	2.853749	1862
4870.206781	2.914227	1863
4871.265355	2.874884	1864
4872.273816	2.969905	1865
4873.334214	2.947358	1866
4874.341838	2.915574	1867
4875.403748	2.946364	1868
4876.410114	2.907489	1869
4877.471758	2.841138	1870
4878.479508	2.842535	1871
4879.540694	2.864742	1872
4880.547603	2.938176	1873
4881.608220	2.873393	1874
4882.616224	2.909768	1875
4883.676712	2.907852	1876
4884.685503	2.868808	1877
4885.745266	2.865600	1878
4886.754544	2.891444	1879
4887.813225	2.894803	1880
4888.823394	2.891781	1881
4889.880068	2.900695	1882
4890.891999	2.859040	1883
4891.948526	2.895290	1884
4892.963305	2.885013	1885
4894.015887	2.815967	1886
4895.033112	2.922921	1887
4896.083824	2.824422	1888
4897.102839	2.855852	1889
4898.151049	2.868515	1890
4899.171559	2.845549	1891
4900.219202	2.844574	1892
4901.240312	2.861056	1893
4902.288277	2.856237	1894
4903.308296	2.870413	1895
4904.358051	2.868967	1896
4905.376668	2.897316	1897
4906.426400	2.827728	1898
4907.444325	2.856065	1899
4908.495360	2.858756	1900
4909.511622	2.858418	1901
4910.567081	2.969622	1902
4911.579946	2.913359	1903
4912.634736	2.846107	1904
4913.647661	2.854867	1905
4914.703199	2.904292	1906
4915.715925	2.868275	1907
4916.772820	2.851644	1908
4917.784918	2.895551	1909
4918.841255	2.843364	1910
4919.854117	2.861885	1911
4920.908854	2.813034	1912
4921.922894	2.815765	1913
4922.977003	2.799055	1914
4923.991546	2.809627	1915
4925.045416	2.830723	1916
4926.060058	2.814108	1917
4927.112699	2.807402	1918
4928.129975	2.829564	1919
4929.180535	2.801370	1920
4930.198918	2.809606	1921
4931.248371	2.740390	1922
4932.268383	2.785494	1923
4933.316425	2.735935	1924
4934.336560	2.819112	1925
4935.384131	2.760199	1926
4936.405604	2.800981	1927
4937.453894	2.713228	1928
4938.473713	2.774760	1929
4939.522799	2.697869	1930
4940.542035	2.730949	1931
4941.592417	2.639016	1932
4942.609831	2.745543	1933
4943.662629	2.725176	1934
4944.677341	2.742247	1935
4945.732132	2.641796	1936
4946.745767	2.712316	1937
4947.801257	2.637116	1938
4948.812766	2.697952	1939
4949.870263	2.689543	1940
4950.880974	2.687719	1941
4951.938623	2.629723	1942
4952.948309	2.674204	1943
4954.008043	2.702462	1944
4955.016713	2.658301	1945
4956.076092	2.651523	1946
4957.086122	2.668075	1947
4958.145381	2.683487	1948
4959.154203	2.654687	1949
4960.214321	2.645291	1950
4961.221741	2.661715	1951
4962.282244	2.653043	1952
4963.291930	2.666501	1953
4964.350324	2.655249	1954
4965.360093	2.722723	1955
4966.417883	2.600858	1956
4967.430885	2.640658	1957
4968.485444	2.583466	1958
4969.499746	2.659744	1959
4970.553879	2.612868	1960
4971.569039	2.623771	1961
4972.621183	2.604181	1962
4973.637655	2.597692	1963
4974.689574	2.584508	1964
4975.706998	2.627931	1965
4976.755818	2.635201	1966
4977.776456	2.629371	1967
4978.824811	2.609889	1968
