time (s)	theta (A)	maj axis/z0	min axis/z0	crossing#mod 255
9908.032229	293.420471	1.031405	-0.016797	51
9910.111302	293.151245	1.043198	-0.016483	53
9912.190670	292.628418	1.064067	-0.017771	55
9914.274885	292.513275	1.102726	-0.017255	57
9916.359720	292.560944	1.136523	-0.017993	59
9918.446279	292.698456	1.167297	-0.017949	61
9920.537516	292.830566	1.196807	-0.017803	63
9922.629609	292.723053	1.223408	-0.017409	65
9924.720923	292.627655	1.249510	-0.018086	67
9926.815352	291.635803	1.271827	-0.014961	69
9928.904906	287.312531	1.279473	-0.100000	71
9930.989148	288.389038	1.291701	-0.100000	73
9933.064786	292.329285	1.343887	-0.009833	75
9935.141705	293.961212	1.365622	-0.014065	77
9937.224257	294.183441	1.381574	-0.017116	79
9939.318007	293.716583	1.397376	-0.016718	81
9941.410026	293.046753	1.416334	-0.015633	83
9943.499814	292.562469	1.434004	-0.013753	85
9945.592205	291.226135	1.444063	-0.009188	87
9947.680937	289.007599	1.447150	-0.100000	89
9949.764179	289.255066	1.458390	-0.100000	91
9951.844774	291.310791	1.477070	-0.004722	93
9953.925815	291.787659	1.496747	-0.006902	95
9956.008250	292.020416	1.514150	-0.007233	97
9958.092638	291.861725	1.525191	-0.006498	99
9960.178578	291.692444	1.531434	-0.004999	101
9962.264393	291.728088	1.536859	-0.005034	103
9964.353565	292.097717	1.543010	-0.004805	105
9966.444390	293.077972	1.558016	-0.006922	107
9968.527158	294.363708	1.583142	-0.010402	109
9970.605882	294.322449	1.612999	-0.011541	111
9972.685486	293.451202	1.626292	-0.009126	113
9974.765182	292.668701	1.634233	-0.007907	115
9976.847938	292.362976	1.637322	-0.007292	117
9978.935568	292.345581	1.638950	-0.006007	119
9981.025190	292.088440	1.634452	-0.004070	121
9983.112970	291.785309	1.633435	-0.002960	123
9985.200613	291.670135	1.634225	-0.002761	125
9987.289713	292.033020	1.640417	-0.003399	127
9989.378546	292.484497	1.647204	-0.004220	129
9991.464537	292.834534	1.655747	-0.005377	131
9993.548769	292.904938	1.661578	-0.005109	133
9995.634528	292.849701	1.668663	-0.005332	135
9997.719587	292.325806	1.671318	-0.002980	137
9999.805575	291.668762	1.674319	-0.000823	139
10001.890949	290.866364	1.675074	0.002070	141
10003.974614	292.315643	1.666614	0.100000	143
10006.055925	290.812622	1.693391	0.002702	145
10008.134770	292.005737	1.720115	0.000371	147
10010.214006	293.231445	1.739040	-0.000343	149
10012.295664	293.995392	1.746320	-0.002065	151
10014.380485	294.240906	1.734607	-0.002962	153
10016.466272	293.951630	1.743630	-0.002694	155
10018.552532	293.701843	1.752485	-0.002507	157
10020.640057	293.369141	1.759661	-0.001823	159
10022.728535	293.143188	1.758432	-0.000864	161
10024.815287	292.992645	1.752803	-0.000215	163
10026.901498	292.607117	1.747057	0.001445	165
10028.987453	291.965576	1.749529	0.003800	167
10031.073123	291.649536	1.750626	0.004812	169
10033.158203	291.485931	1.754586	0.004999	171
10035.243743	291.529968	1.751269	0.005762	173
10037.328415	291.757172	1.751421	0.005344	175
10039.412460	292.067627	1.757539	0.005720	177
10041.496509	292.599457	1.769411	0.004690	179
10043.580644	293.223602	1.785486	0.003821	181
10045.664059	293.721832	1.800776	0.002679	183
10047.746135	293.543304	1.817015	0.003306	185
10049.827216	293.275177	1.828887	0.003808	187
10051.908666	292.981110	1.838253	0.004637	189
10053.991200	292.644562	1.840058	0.005143	191
10056.074920	292.438568	1.838369	0.006746	193
10058.159528	292.385834	1.838580	0.007153	195
10060.245611	292.386475	1.832988	0.008121	197
10062.333400	292.159821	1.830231	0.009269	199
10064.421132	291.777313	1.823233	0.009554	201
10066.508287	291.320129	1.817019	0.010481	203
10068.595185	290.940033	1.813600	0.012501	205
10070.682480	290.803497	1.812392	0.012173	207
10072.768196	290.740326	1.809590	0.013283	209
10074.852791	290.735474	1.809676	0.013736	211
10076.937011	290.624969	1.818573	0.013522	213
10079.021103	290.532806	1.822610	0.013844	215
10081.105466	290.396545	1.829814	0.015093	217
10083.189357	290.446686	1.834736	0.014712	219
10085.272265	290.844971	1.844262	0.013317	221
10087.354085	291.555664	1.858235	0.013644	223
10089.435903	292.384247	1.871340	0.013018	225
10091.518242	293.201355	1.872985	0.012450	227
10093.601029	293.677612	1.877732	0.011973	229
10095.684862	293.848480	1.867609	0.011100	231
10097.769942	293.798798	1.882901	0.012144	233
10099.856153	293.545715	1.883242	0.012345	235
10101.943443	293.350616	1.885871	0.012918	237
10104.030597	292.999908	1.883999	0.013928	239
10106.117522	292.786316	1.882564	0.014560	241
10108.204072	292.567780	1.877462	0.015675	243
10110.290206	292.506317	1.874605	0.016786	245
10112.376023	292.413696	1.871870	0.017394	247
10114.461687	292.268707	1.871429	0.018295	249
10116.546969	292.200867	1.869750	0.019297	251
10118.631723	292.252716	1.869548	0.019172	253
10120.716067	292.417999	1.873974	0.019611	255
10122.800120	292.757050	1.880860	0.018855	1
10124.883885	293.205048	1.860850	0.017175	3
10126.967147	293.175232	1.853824	0.018017	5
10129.049978	293.124542	1.862742	0.018050	7
10131.132271	293.071808	1.872887	0.018782	9
10133.213981	292.923126	1.879421	0.019286	11
10135.295956	292.834808	1.879570	0.019936	13
10137.379162	292.686615	1.881377	0.020148	15
10139.463074	292.651337	1.878479	0.020659	17
10141.547259	292.714661	1.872526	0.021262	19
10143.632536	292.633331	1.862539	0.022075	21
10145.718935	292.523529	1.852717	0.021524	23
10147.805673	292.305481	1.841674	0.021498	25
10149.891761	292.029816	1.830420	0.022241	27
10151.977589	291.820007	1.818623	0.022402	29
10154.063275	291.569702	1.810196	0.023045	31
10156.148851	291.443817	1.801684	0.023555	33
10158.234121	291.345917	1.801133	0.023779	35
10160.317891	291.294830	1.802283	0.023798	37
10162.401596	291.322510	1.804029	0.024599	39
10164.485068	291.462677	1.805258	0.023991	41
10166.568518	291.704193	1.805796	0.024857	43
10168.651765	292.063416	1.811883	0.023348	45
10170.734443	292.486847	1.818511	0.024665	47
10172.816694	293.041748	1.824336	0.023162	49
10174.899390	293.394073	1.826239	0.024385	51
10176.982508	293.644501	1.827606	0.024407	53
10179.066207	293.713318	1.827983	0.023510	55
10181.150621	293.691986	1.827380	0.024194	57
10183.235867	293.482025	1.823232	0.024649	59
10185.321719	293.336792	1.821037	0.024990	61
10187.408358	293.197021	1.813390	0.025124	63
10189.494517	292.948395	1.807623	0.026212	65
10191.580465	292.676971	1.798602	0.027509	67
10193.666375	292.624390	1.792568	0.027881	69
10195.751763	292.528351	1.785467	0.028810	71
10197.837004	292.473938	1.779913	0.029305	73
10199.921781	292.503876	1.776277	0.029697	75
10202.006184	292.540009	1.773887	0.030056	77
10204.090045	292.571686	1.774080	0.030367	79
10206.173617	292.639496	1.774398	0.030528	81
10208.256870	292.652344	1.779798	0.029863	83
10210.339588	292.795349	1.784099	0.030659	85
10212.422183	292.748901	1.787839	0.031135	87
10214.504894	292.762207	1.792258	0.031197	89
10216.587435	292.725067	1.793416	0.031527	91
10218.670493	292.795868	1.792483	0.031648	93
10220.753795	292.690735	1.791305	0.032469	95
10222.837780	292.716888	1.788758	0.032901	97
10224.922331	292.740631	1.785861	0.033472	99
10227.007674	292.697815	1.779015	0.032728	101
10229.093224	292.560425	1.770152	0.033536	103
10231.178995	292.437134	1.764393	0.033313	105
10233.264665	292.251862	1.756596	0.033281	107
10235.350235	292.031464	1.748674	0.033482	109
10237.435695	291.897491	1.743893	0.034013	111
10239.520815	291.782776	1.739683	0.033567	113
